12 2 0 15 8 1 11 13 6 4 3 9 10 5 16 7 14
2 14 7 1 8 12 6 5 13 15 9 0 16 11 10 3 4
11 13 7 5 14 2 1 15 4 9 6 8 10 12 16 0 3
1 13 9 12 16 4 15 5 3 0 2 8 14 10 6 11 7
15 4 0 12 7 5 13 1 3 2 16 8 9 6 14 10 11
15 1 13 11 9 10 12 3 4 16 2 7 8 0 5 6 14
16 12 2 11 4 14 3 13 8 6 10 7 5 0 15 9 1
5 6 2 13 7 12 11 14 8 0 10 16 1 15 9 3 4
2 3 7 0 9 1 10 14 4 8 6 13 11 16 15 12 5
4 6 7 15 11 12 14 1 10 3 5 9 16 2 8 13 0
12 4 11 2 6 9 15 14 13 3 7 5 10 16 1 0 8
14 15 13 7 9 5 3 6 8 16 0 11 4 12 1 2 10
1 4 14 7 3 11 9 6 16 15 10 8 13 0 2 5 12
3 0 6 4 11 5 13 14 15 8 16 2 7 12 1 10 9
0 3 5 6 12 7 15 14 11 1 10 4 2 16 13 8 9
3 8 14 15 6 4 12 7 5 1 11 9 16 0 13 2 10
16 14 10 15 2 1 5 0 7 4 12 13 6 3 8 9 11
13 4 16 10 12 8 14 15 2 6 9 11 7 5 0 1 3
14 15 6 3 4 11 0 9 5 16 13 2 10 12 7 1 8
16 10 4 9 14 6 13 3 5 15 8 0 7 2 1 12 11
10 15 9 13 0 16 2 6 14 11 7 1 3 4 8 12 5
9 6 10 8 4 16 1 5 7 12 0 14 2 15 3 13 11
1 12 10 4 16 14 9 2 15 0 6 5 3 13 7 8 11
10 9 12 13 2 15 0 14 1 8 5 6 3 4 7 11 16
11 4 0 13 10 6 2 3 1 9 14 12 16 15 5 7 8
9 15 7 2 3 11 4 0 6 8 1 5 16 12 10 13 14
7 15 10 4 11 13 2 16 3 14 1 5 8 6 9 12 0
1 9 0 5 11 16 10 3 13 12 6 15 2 8 4 14 7
12 5 15 0 7 2 4 9 8 1 6 3 11 16 13 14 10
5 4 8 2 16 10 7 0 15 13 12 9 3 11 14 1 6
