5 2 0 7 1 13 11 8 3 4 9 10 6 12
2 4 8 7 12 1 10 0 9 3 13 6 11 5
1 4 7 5 0 2 6 12 3 9 13 10 11 8
8 3 12 11 9 4 6 13 1 5 0 7 2 10
11 1 9 10 2 12 7 4 3 0 8 13 5 6
5 0 6 3 11 1 8 9 12 7 10 13 2 4
6 1 3 4 2 10 13 5 11 9 0 12 7 8
11 3 2 9 4 0 7 1 6 5 13 8 10 12
9 3 2 5 12 10 4 11 6 7 0 8 13 1
1 11 0 13 3 9 2 6 12 4 7 5 8 10
3 0 8 9 13 2 1 5 7 12 11 4 10 6
9 1 8 10 3 13 12 4 2 6 7 11 0 5
13 8 11 12 1 7 6 3 0 4 2 10 5 9
11 4 6 8 3 1 9 10 7 12 13 2 0 5
5 12 3 9 1 8 11 13 6 2 0 4 7 10
12 4 0 13 1 9 5 7 2 11 6 8 10 3
3 6 5 13 7 8 1 9 12 0 10 2 11 4
5 1 8 2 12 9 6 0 10 13 4 7 3 11
8 9 12 0 10 13 5 2 1 4 11 3 6 7
4 3 11 5 7 12 10 6 2 9 8 0 1 13
9 11 8 12 13 7 10 1 6 0 4 3 2 5
6 2 4 10 13 1 5 0 11 12 9 7 3 8
1 7 3 5 13 2 10 4 6 11 0 12 8 9
2 10 1 8 3 9 0 7 12 5 11 13 4 6
11 8 7 5 3 0 12 9 13 2 6 10 1 4
11 10 13 0 5 2 3 9 7 12 4 8 6 1
8 5 12 10 6 11 4 7 1 9 13 0 2 3
5 2 9 3 11 8 13 4 12 7 10 0 1 6
1 3 8 13 4 12 11 6 7 2 9 10 5 0
11 2 6 9 7 3 4 1 8 0 5 13 12 10
