3 5 10 8 2 4 0 7 1 6 11 9
4 0 3 8 6 7 1 2 10 5 11 9
8 2 7 5 10 4 0 11 9 1 3 6
3 9 5 2 10 4 6 11 1 8 0 7
4 6 11 5 9 3 10 2 7 8 0 1
3 10 7 4 6 0 8 11 9 2 1 5
3 10 2 0 5 9 7 6 11 4 1 8
3 11 6 9 10 5 1 2 4 0 8 7
0 8 5 7 11 3 6 1 2 10 4 9
3 6 2 9 7 1 5 8 11 4 10 0
1 10 0 5 7 9 11 2 6 4 3 8
8 4 9 10 0 1 11 6 7 5 3 2
11 4 7 6 5 1 0 2 3 10 9 8
7 9 2 6 0 3 11 10 1 8 4 5
9 0 6 5 10 3 7 1 11 2 4 8
2 6 8 7 9 5 1 3 4 11 0 10
9 10 7 1 2 0 3 6 5 4 8 11
2 0 1 8 4 10 3 11 5 7 6 9
8 2 5 4 1 10 3 11 0 9 6 7
10 11 0 2 5 4 8 7 9 1 3 6
9 1 4 5 7 0 8 3 11 10 6 2
2 6 4 3 10 5 0 7 11 9 1 8
4 11 5 7 2 10 9 3 8 6 1 0
1 4 3 5 8 7 0 11 2 9 6 10
10 7 0 9 11 6 2 3 4 5 1 8
2 0 3 1 6 10 9 4 8 7 11 5
3 9 10 6 2 1 5 8 7 11 0 4
9 8 6 11 2 7 1 10 0 4 3 5
9 0 3 11 6 2 7 5 4 10 1 8
2 11 6 1 5 8 9 0 4 10 3 7
